-9991
-9952
-9807
-9794
-9682
-9655
-9508
-9447
-9404
-9311
-9238
-9189
-9115
-9098
-9060
-9022
-9002
-8947
-8939
-8913
-8910
-8755
-8712
-8695
-8674
-8665
-8656
-8652
-8644
-8643
-8639
-8630
-8623
-8593
-8571
-8389
-8369
-8326
-8296
-8295
-8201
-8091
-8035
-7986
-7957
-7951
-7890
-7862
-7834
-7795
-7680
-7646
-7635
-7634
-7568
-7553
-7471
-7430
-7343
-7293
-7290
-7249
-7204
-7112
-7104
-7083
-7056
-7055
-6999
-6996
-6949
-6910
-6856
-6843
-6828
-6821
-6804
-6762
-6716
-6653
-6608
-6579
-6529
-6325
-6286
-6265
-6253
-6230
-6213
-6165
-6140
-6137
-6113
-6077
-6057
-5938
-5922
-5876
-5865
-5811
-5809
-5775
-5725
-5647
-5595
-5585
-5562
-5518
-5488
-5488
-5468
-5410
-5372
-5364
-5254
-5201
-5187
-5177
-5014
-4988
-4960
-4921
-4862
-4839
-4807
-4792
-4791
-4791
-4694
-4637
-4626
-4590
-4534
-4439
-4438
-4346
-4306
-4276
-4273
-4134
-4121
-4117
-4072
-4066
-4035
-3963
-3937
-3911
-3911
-3888
-3868
-3743
-3678
-3599
-3594
-3558
-3553
-3528
-3506
-3478
-3464
-3429
-3403
-3351
-3291
-3282
-3216
-3158
-3085
-3060
-3010
-2980
-2956
-2951
-2943
-2925
-2816
-2762
-2743
-2697
-2671
-2669
-2661
-2639
-2587
-2580
-2565
-2548
-2490
-2483
-2462
-2446
-2405
-2393
-2386
-2349
-2282
-2167
-2150
-2089
-2017
-1992
-1975
-1938
-1919
-1900
-1803
-1761
-1731
-1690
-1606
-1531
-1523
-1512
-1508
-1494
-1445
-1338
-1313
-1303
-1288
-1164
-1158
-1097
-1056
-1051
-995
-922
-917
-895
-872
-872
-812
-771
-736
-723
-660
-630
-585
-580
-576
-552
-487
-385
-375
-352
-325
-297
-196
-186
-184
-158
-144
-133
-122
-106
-90
-64
-20
29
80
142
151
181
200
220
248
297
454
468
501
581
665
670
721
897
903
943
978
1004
1009
1085
1141
1156
1326
1339
1371
1388
1415
1453
1504
1531
1594
1609
1625
1671
1717
1837
1844
1858
1884
1892
1995
2056
2057
2178
2184
2217
2253
2281
2430
2439
2461
2527
2570
2574
2739
2754
2944
2972
3041
3101
3121
3163
3193
3235
3315
3329
3350
3397
3447
3469
3506
3518
3562
3562
3577
3621
3668
3708
3713
3718
3739
3744
3781
3811
3881
3903
3919
4058
4103
4136
4143
4182
4295
4324
4373
4451
4455
4457
4564
4593
4630
4725
4745
4756
4795
4817
4820
4910
4929
4957
4973
4978
5042
5080
5129
5208
5249
5263
5323
5331
5333
5402
5405
5440
5448
5455
5525
5539
5596
5653
5660
5701
5737
5744
5898
5931
5936
5949
5994
6178
6230
6232
6233
6272
6299
6324
6351
6362
6402
6410
6412
6428
6507
6571
6629
6689
6705
6722
6791
6805
6810
6811
7013
7025
7039
7062
7140
7163
7164
7209
7245
7245
7346
7405
7412
7445
7445
7473
7581
7620
7743
7771
7821
7834
7836
7856
7865
7966
7978
8061
8141
8156
8228
8272
8275
8293
8340
8347
8361
8421
8435
8567
8577
8605
8662
8827
8888
8952
8979
8988
8994
9040
9071
9075
9087
9104
9167
9193
9226
9288
9303
9358
9379
9395
9486
9509
9528
9557
9615
9646
9662
9748
9783
9842
9893
9894
9904
9938
-3692
973
403
139
-402
-7716
8464
-3908
6458
5600
5481
1636
3852
-5358
3869
8421
9090
-978
8234
-1286
6937
-2367
286
3894
-67
6412
3841
5854
-8584
6834
-4760
-4469
-9783
6230
-2939
4216
981
9703
-5593
-6050
-2
3314
-4522
9224
3215
5400
-3572
-2535
-7784
-5150
-6566
-4703
-7394
4737
-1055
-2959
-6909
-6047
2824
1641
3174
1818
3200
7333
-6254
-6198
-8127
8827
-2878
3592
-112
3817
-3955
4660
-3410
-5183
4705
3277
3966
3079
-2177
1256
4266
-2996
1071
-6929
-2089
-3035
42
6280
7888
-372
730
-1246
-8457
-8775
-2561
7350
-2664
2424
-4037
129
2097
4848
-1574
-3669
-3632
-9507
1963
9867
4909
-3055
9601
8987
-9352
6318
-5988
3784
4478
5142
-1589
-5102
2990
-5346
1506
-8993
-5737
-2363
8426
8230
5581
-6307
5391
-271
-3922
7116
-7908
-499
9660
8078
-9199
-2522
4122
3614
-6126
-9311
2904
1646
-3823
1686
-8962
4064
-6464
1223
-8674
6255
1471
2356
1162
1917
5345
8055
-46
7340
6705
183
-7379
-2411
6398
-3730
1146
-1996
-2067
-3127
-1309
8166
7922
3929
6569
-6237
9003
-7748
528
5589
-7085
-2899
8137
5601
-9096
4614
-9060
6246
7331
1205
-9045
-4252
-2503
-1925
4449
6413
-4991
-6286
4569
-6729
-7112
-4868
-7180
-8974
-3083
-7039
4327
-3573
8174
5082
1631
8417
9377
-3504
9478
5635
998
2612
-4144
-7188
6659
-1446
-3553
8849
1739
-5551
-8619
5204
-7633
7772
8712
-5834
-8509
-6755
8510
7050
-1708
7055
2875
-3253
4861
1604
-9919
6177
-1519
219
1527
4023
-6808
5935
4135
-5571
-4210
5395
8198
-4781
-5775
4722
9410
4849
5884
-5874
-4892
-1517
-3686
31
-169
-528
-5723
3327
-7512
1483
2103
-373
-4451
-2078
-2004
5937
-7213
-7519
-9552
3828
9033
2993
8401
2906
-1327
-8467
-9524
-2303
4690
1089
-1720
5885
9852
2214
-9943
-4353
-1237
506
-6778
-8349
-9613
4779
2764
-7294
-2848
-5069
595
1827
-6427
7923
-4242
2711
5030
-8880
2773
-5807
-2986
1816
-6369
1285
-6979
7101
1141
-7511
-4524
-5002
1843
1162
8125
-702
7865
-6728
5596
-5140
9073
3520
-5843
-1978
-3266
9638
-6304
-7700
-4040
9398
-6149
8611
-58
-3739
2376
1446
-1039
5476
-8726
-6357
-3950
-1286
9823
4136
-9835
7595
-9264
9614
-5965
1258
2888
-5892
3224
-6971
-6791
6113
2500
3788
3613
-3133
5366
-1421
5450
-9676
5878
9061
8557
4190
354
4726
5325
4115
6990
9197
-8431
-2308
221
3127
-7465
242
888
-6156
5373
-4323
2538
5421
2329
-3526
5170
6023
-9267
1303
-2767
-706
-8492
-5500
7676
7334
6911
-3336
-3722
-5702
-636
-3575
-9200
9753
-7351
9673
5932
-4362
-4788
4730
-4742
-2315
-4275
-6017
9892
-2952
8283
2787
4252
6314
-6652
-166
-6083
-5469
-6794
351
7580
-4905
7797
6344
-2863
5688
2674
-1369
-4188
4861
6842
-6213
7424
4995
7451
9951
-6173
-4899
3482
-5928
-9305
7475
9545
7804
-6283
187
7339
-6339
-9424
-4177
6282
4613
-2288
6334
-9740
-6830
-6827
-4441
1111
8523
-5281
-6246
-1985
3399
8411
8207
-7897
2279
675
-874
9186
-9758
