3824
-6557
-7824
2617
-1618
-6039
7649
-5273
2263
-8908
6311
-311
-647
-4131
1117
-8239
8031
7452
9648
6797
9658
-6989
9433
9667
-7629
2277
-925
640
4799
6271
2603
7859
8795
-1586
-8985
3083
-8511
-9380
-68
6421
2686
-5923
6523
-3630
-695
-7699
262
5820
-5169
2026
-2310
1124
-8624
-3082
7138
1323
9096
-1641
2914
-7500
5726
-9989
2515
8645
-6320
4069
-262
-96
9301
-8790
7855
-5136
8038
8403
8082
-3264
9386
-1521
4287
-306
6425
-8455
5361
4094
6349
-8279
-8400
-5505
-1879
6528
-7130
1157
3660
7170
1299
-6536
1938
-9755
-923
-3527
-6093
-2318
-1126
2202
5944
442
5594
-3563
-3600
-4202
-5110
-321
-7240
4490
-7056
-637
5602
215
-532
-2477
7668
-6106
8242
-5398
2867
2043
7601
3075
1098
3118
-4990
8564
4163
4672
-8487
1730
3382
6366
6165
8090
-2281
-7010
3184
-5341
-6210
7668
1744
-7573
4457
5415
4156
3349
-6979
8876
6309
40
-504
-2000
-5976
912
-174
8849
2993
-9879
3703
3570
-7857
-2436
-7849
-2080
1513
2885
8629
4911
6758
-1613
1013
-587
9427
-9308
7371
-9584
7200
-3712
-6196
-2787
-2219
-3200
-275
-4071
-8419
-8763
3980
-430
-329
7318
2411
-3381
9485
-4013
7901
-1908
8561
1981
174
2767
-6551
-9411
-682
-1525
6541
3618
6633
3458
3400
2423
9147
5694
3415
1547
-7352
-3309
1390
-7628
5841
7716
3702
2642
6500
-321
-2258
-2462
6641
2134
5043
-3428
-5082
-7958
4278
-8685
-8122
1255
4744
-6379
-9795
2651
-8457
-1185
4767
5970
-8682
3026
626
-8206
2249
-2273
6555
-8237
7972
-6497
-1442
6534
-9309
-6248
6400
4378
-6466
-1858
2105
-6433
-3022
-4736
9650
-7100
-9874
-8716
8425
-6524
-2261
9491
-9263
5747
-1925
-1159
5677
3163
-8066
-1017
4983
6890
-3080
4697
-9105
4093
-2959
8821
6175
-6085
239
-9222
7305
-9174
5747
6862
-8852
2754
5987
5419
298
-4393
7752
3479
2209
-8048
9761
-9964
6588
-8396
-8796
-3300
-8805
7744
-3997
-5460
5855
-9393
-5022
1074
-3696
1570
-8848
-7840
-3090
-5938
-5304
-2773
-7000
-3871
7677
-8381
-2265
-19
-6557
-6253
9774
2749
2398
4292
9739
7400
7937
845
-299
8320
-2926
-3824
-3492
8104
-1318
-9345
4453
-2142
-1604
-8364
-7268
6575
-5984
-6168
-2673
9265
2666
5795
-8039
-445
-4741
4719
-3249
4455
-9537
5780
-6325
-3577
-2800
856
-3691
3238
-2187
914
956
-4170
-7401
-9462
-5689
4255
-3360
2398
-7128
7321
1865
-8453
-5394
-1439
-2027
-7734
1447
4796
7955
1802
-4521
2947
-2008
-4368
5175
-3185
-5586
4777
633
-4655
3780
6547
960
-8520
8241
6605
-6674
-8854
9870
-9362
3668
719
9402
7648
-6410
-2218
-6135
5149
-3659
-2341
8797
-2391
-8953
-2056
6618
-1254
2327
-2922
-491
-6543
8780
9577
-5195
-7592
-720
-2525
5899
8248
-1817
4012
-5517
-6037
6563
-9571
-9320
-790
8999
6157
6297
-6762
-8004
3905
4264
6861
-1867
-3738
-9344
636
4379
-1957
-6233
3637
6323
7154
-6263
-1505
2114
-8640
5265
9154
3620
856
-7758
-8948
2900
-4752
7197
-3788
-6698
4168
8
-8521
7844
-8423
5702
-1866
-5215
6899
4211
-4626
-2672
-2399
9764
-3308
-3706
-7249
-7672
-6399
-5245
4271
409
-5292
9433
-6987
-1231
6418
-1538
8784
-4668
-3138
165
-7549
6222
-8468
4952
-8101
-5786
-5266
3510
584
-851
5551
7799
-3444
-824
-2854
762
-6518
-5958
3680
-6596
-6803
2532
-1417
7835
-1084
-7651
2989
7882
7077
-2856
-799
-1002
8899
-255
2250
1889
-7367
-7218
-8154
-5926
-2099
8021
-1509
-669
-8775
2216
-6159
-4668
5530
8223
-8475
6441
-2
-8486
1416
-5993
-8993
2213
-7516
1372
4258
8702
-4593
5406
-4600
4737
-9653
6194
-35
1651
1086
-3129
-9010
8605
-4790
811
-1662
-1487
-8841
1650
-6869
9624
-427
-6714
-6998
-6761
-8060
1056
-8088
-4861
-86
-6310
1727
8453
-8685
-1928
-5910
-2027
-5491
-7114
-5360
8049
-3684
-3674
-8591
-4657
-2981
-9025
-8487
-3617
-2684
-8199
7520
-9597
-8400
-3079
3459
-3996
-8223
7310
9384
8170
-2628
799
620
2347
2423
-2739
-2296
-4494
-7060
-8965
1067
9533
1406
5058
-1928
2253
8621
-1468
-48
1983
2342
-2183
-6135
-6255
5482
-8959
7616
-9954
5341
-868
-4456
-3408
1641
-8159
8040
-3933
-1022
6953
-1445
-9405
1476
6582
2972
9705
-4890
5551
6183
896
-9179
4939
-4670
5446
3908
134
2111
5763
3639
3514
-6982
6913
3342
8625
-5435
7467
-2897
-1169
-8027
-5835
7502
-7025
2971
9077
-3599
8210
-5415
-1417
9862
-5642
9859
934
-7961
-106
4370
-4421
6947
8142
8365
-3088
5254
8160
1022
-5273
1813
6134
1711
2299
-9729
7907
-5195
-6614
3111
-5775
3753
-509
3189
-9734
1382
-4945
-7990
6097
-7201
-5038
-6864
-1767
662
541
4467
401
-4458
-5680
-104
2926
193
-5483
7555
1558
8416
-5934
-4954
5547
84
-1757
-9981
-9942
-4798
-4054
-4331
1184
6000
8258
-1582
4252
-7484
1112
2466
6289
-9980
9117
1977
-2102
-7090
1695
2081
6419
106
-4854
-3918
2202
8151
-6869
-9531
300
-4709
-8781
6300
-4007
-3994
1661
9984
435
4863
4384
3188
9103
-773
6394
9391
4908
508
-6055
-3648
-4055
-4113
443
-1080
-1692
-1214
9430
8636
5914
-4426
-8157
-8106
9397
-8724
8792
2761
4173
-9561
-2163
-9689
-3482
-3339
4011
2917
-7694
5508
6107
-3447
4198
8854
6295
-6083
-2405
-3460
8805
9217
-4937
-8760
-8040
-7871
-4286
1257
-5163
3756
3882
-7632
7687
2680
3672
3891
5217
3230
5043
4179
-8677
4859
-6212
-2945
-114
-3475
8221
4034
-4428
-5779
8913
8316
-7160
-4953
8148
8768
-9754
-1293
-3070
3627
-3354
-3354
7225
3265
-105
5395
6801
8168
2585
-1913
5441
8019
-9194
9227
4790
2164
-5340
1566
-8852
5934
4834
2126
-3176
2575
6231
-7839
4507
2192
7350
8759
4077
-4716
3740
-7002
-5701
-4064
852
8890
-7077
-2878
7084
-5958
-2164
2488
9979
341
-264
6786
-3924
-99
3996
2312
7036
-4455
7329
-6523
-7722
6898
-5340
4060
1974
-290
7890
4237
4570
4126
3519
-8475
-2177
8445
7115
4763
8516
-586
332
-7844
4533
-8938
7589
-3099
-4604
1020
-7309
-2475
843
1455
7218
3272
7441
6126
1594
-5933
5004
-1286
