9978
9945
9943
9926
9919
9919
9898
9898
9883
9874
9810
9807
9796
9794
9755
9739
9734
9722
9691
9648
9639
9638
9619
9616
9615
9604
9604
9599
9551
9494
9490
9457
9426
9412
9407
9396
9382
9364
9356
9317
9309
9269
9253
9251
9219
9135
9126
9120
9070
9049
9022
8991
8977
8915
8894
8885
8870
8851
8849
8847
8845
8837
8824
8815
8758
8753
8750
8748
8712
8706
8700
8692
8670
8656
8613
8587
8578
8578
8562
8549
8541
8512
8476
8469
8455
8443
8371
8364
8323
8260
8255
8215
8205
8198
8118
8099
8064
8064
8030
7913
7902
7861
7823
7820
7752
7744
7739
7725
7708
7702
7661
7657
7650
7644
7641
7629
7620
7567
7561
7482
7441
7426
7409
7369
7359
7331
7328
7324
7320
7315
7314
7309
7298
7286
7220
7211
7194
7187
7177
7167
7129
7113
7096
7076
7062
7008
6963
6953
6926
6912
6905
6905
6874
6872
6868
6848
6842
6834
6793
6772
6761
6743
6728
6643
6590
6579
6528
6523
6508
6498
6487
6483
6435
6432
6401
6401
6354
6352
6299
6291
6282
6181
6167
6124
6116
6111
6101
6093
6091
6072
6071
6060
6051
5972
5940
5938
5893
5882
5870
5837
5836
5830
5830
5812
5803
5776
5775
5746
5726
5715
5699
5649
5645
5604
5578
5571
5532
5528
5527
5482
5472
5444
5402
5362
5322
5312
5303
5292
5268
5268
5259
5217
5204
5202
5150
5118
5106
5087
5071
5055
5048
5028
4997
4997
4986
4941
4918
4914
4895
4881
4879
4870
4861
4833
4830
4818
4818
4777
4767
4761
4753
4732
4716
4715
4697
4692
4623
4606
4600
4575
4549
4516
4505
4503
4503
4491
4474
4466
4438
4435
4423
4420
4409
4361
4353
4337
4296
4209
4191
4186
4168
4144
4105
4105
4104
4093
4086
4081
4070
4043
4031
4029
4028
3955
3937
3903
3879
3863
3848
3804
3797
3770
3765
3762
3742
3723
3711
3687
3683
3670
3662
3661
3658
3643
3601
3589
3573
3570
3570
3566
3531
3524
3506
3500
3479
3478
3471
3432
3425
3415
3381
3367
3355
3342
3316
3311
3303
3261
3251
3239
3214
3187
3185
3181
3137
3126
3120
3086
3067
3040
3034
3018
3000
2994
2975
2964
2943
2925
2917
2910
2888
2887
2877
2759
2695
2678
2677
2660
2614
2609
2609
2605
2567
2567
2533
2532
2529
2467
2464
2422
2360
2341
2333
2330
2323
2277
2265
2257
2250
2174
2132
2098
2093
2080
2066
2047
2039
2004
1992
1967
1967
1948
1946
1945
1934
1932
1928
1902
1893
1881
1878
1876
1868
1855
1814
1806
1791
1754
1701
1681
1670
1584
1579
1519
1465
1429
1425
1400
1377
1353
1331
1300
1281
1269
1266
1265
1255
1240
1234
1233
1193
1183
1163
1140
1122
1120
1115
1113
1063
1040
1008
992
962
945
919
917
890
860
799
778
748
742
695
671
661
601
564
560
526
458
417
396
387
381
374
347
344
242
235
228
199
193
174
143
127
114
99
83
70
33
30
8
8
-89
-136
-163
-195
-213
-246
-253
-259
-299
-313
-314
-318
-321
-362
-381
-391
-402
-469
-500
-509
-520
-529
-532
-539
-700
-706
-724
-739
-744
-758
-823
-877
-886
-889
-897
-907
-926
-932
-940
-982
-1005
-1010
-1018
-1048
-1052
-1064
-1106
-1142
-1170
-1174
-1176
-1188
-1189
-1191
-1196
-1221
-1229
-1272
-1275
-1278
-1290
-1293
-1306
-1337
-1343
-1350
-1389
-1444
-1451
-1506
-1544
-1557
-1568
-1578
-1604
-1620
-1629
-1641
-1697
-1730
-1775
-1820
-1828
-1835
-1837
-1866
-1867
-1913
-1922
-1987
-1991
-2000
-2062
-2073
-2131
-2137
-2151
-2153
-2181
-2207
-2209
-2212
-2236
-2237
-2246
-2274
-2309
-2347
-2420
-2424
-2433
-2442
-2446
-2478
-2490
-2496
-2505
-2512
-2567
-2602
-2730
-2752
-2770
-2796
-2799
-2909
-2924
-2986
-3003
-3008
-3018
-3022
-3050
-3099
-3118
-3155
-3214
-3227
-3242
-3286
-3296
-3392
-3393
-3401
-3458
-3487
-3597
-3613
-3613
-3634
-3641
-3678
-3714
-3721
-3725
-3726
-3744
-3752
-3755
-3764
-3765
-3782
-3808
-3815
-3844
-3876
-3884
-3902
-3944
-3985
-4035
-4044
-4058
-4083
-4094
-4111
-4117
-4141
-4176
-4190
-4209
-4226
-4233
-4238
-4251
-4255
-4258
-4265
-4276
-4348
-4361
-4376
-4386
-4393
-4400
-4403
-4492
-4495
-4499
-4502
-4525
-4528
-4539
-4561
-4570
-4598
-4599
-4605
-4615
-4633
-4649
-4658
-4662
-4688
-4728
-4739
-4754
-4759
-4776
-4778
-4818
-4824
-4842
-4869
-4881
-4883
-4897
-4924
-4997
-5007
-5008
-5012
-5061
-5072
-5099
-5115
-5125
-5127
-5135
-5178
-5213
-5215
-5231
-5254
-5279
-5301
-5311
-5316
-5321
-5377
-5390
-5397
-5408
-5434
-5440
-5482
-5492
-5502
-5556
-5583
-5587
-5598
-5608
-5608
-5611
-5617
-5630
-5651
-5652
-5657
-5667
-5697
-5720
-5726
-5728
-5800
-5804
-5841
-5850
-5856
-5892
-5918
-5982
-5993
-5994
-6023
-6033
-6083
-6102
-6117
-6123
-6127
-6128
-6139
-6140
-6146
-6155
-6175
-6177
-6250
-6253
-6290
-6294
-6302
-6303
-6324
-6332
-6335
-6345
-6345
-6348
-6377
-6411
-6530
-6542
-6569
-6582
-6628
-6630
-6636
-6685
-6688
-6689
-6691
-6697
-6760
-6786
-6807
-6850
-6877
-6911
-6981
-6995
-7000
-7003
-7006
-7007
-7035
-7036
-7043
-7046
-7050
-7060
-7091
-7114
-7128
-7183
-7202
-7243
-7256
-7310
-7353
-7356
-7356
-7390
-7448
-7470
-7485
-7532
-7552
-7572
-7582
-7587
-7619
-7630
-7647
-7660
-7675
-7694
-7716
-7747
-7749
-7753
-7769
-7796
-7802
-7805
-7809
-7851
-7851
-7876
-7881
-7882
-7899
-7940
-7944
-7953
-7959
-8043
-8068
-8136
-8182
-8251
-8261
-8272
-8303
-8308
-8324
-8339
-8347
-8350
-8370
-8381
-8399
-8400
-8414
-8437
-8462
-8471
-8485
-8488
-8510
-8519
-8522
-8528
-8543
-8569
-8600
-8600
-8635
-8664
-8676
-8680
-8704
-8721
-8758
-8791
-8804
-8812
-8819
-8822
-8851
-8859
-8860
-8880
-8881
-8882
-8907
-8919
-8947
-8950
-8988
-8994
-9016
-9024
-9033
-9036
-9066
-9082
-9086
-9106
-9114
-9141
-9153
-9180
-9200
-9223
-9249
-9255
-9280
-9292
-9298
-9327
-9344
-9358
-9366
-9376
-9376
-9425
-9430
-9442
-9495
-9558
-9577
-9598
-9606
-9617
-9630
-9652
-9671
-9680
-9723
-9744
-9771
-9783
-9801
-9806
-9808
-9834
-9891
-9910
-9920
-9933
-9942
-9947
-9950
-9959
